

  Date       EMI (Rs.) Princ    Intrst	  POS Balance Rate%
1 4-Dec-19   0.00      0.00     0.00      431,500.00  29.00

2 4-Jan-20   15,088.00 3,269.00 11,819.00 431,500.00  29.00

3 4-Feb-20   13,697.00 3,348.00 10,349.00 428,231.00  29.00

4 4-Mar-20   13,697.00 3,429.00 10,268.00 424,883.00  29.00

5 4-Apr-20   13,697.00 3,512.00 10,185.00 421,454.00  29.00

6 4-May-20   13,697.00 3,597.00 10,100.00 417,942.00  29.00

7 4-Jun-20   13,697.00 3,684.00 10,013.00 414,345.00  29.00

8 4-Jul-20   13,697.00 3,773.00 9,924.00 410,662.00   29.00

9 4-Aug-20   13,697.00 3,864.00 9,833.00 406,889.00   29.00

10 4-Sep-20  13,697.00 3,957.00 9,740.00 403,025.00   29.00

11 4-Oct-20  13,697.00 4,053.00 9,644.00 399,068.00   29.00

12 4-Nov-20  13,697.00 4,151.00 9,546.00 395,015.00   29.00

13 4-Dec-20  13,697.00 4,251.00 9,446.00 390,864.00   29.00

14 4-Jan-21  13,697.00 4,354.00 9,343.00 386,613.00   29.00

15 4-Feb-21  13,697.00 4,459.00 9,238.00 382,259.00   29.00

16 4-Mar-21  13,697.00 4,567.00 9,130.00 377,800.00   29.00

17 4-Apr-21  13,697.00 4,677.00 9,020.00 373,233.00 29.00

18 4-May-21  13,697.00 4,790.00 8,907.00 368,556.00 29.00

19 4-Jun-21  13,697.00 4,906.00 8,791.00 363,766.00 29.00

20 4-Jul-21  13,697.00 5,025.00 8,672.00 358,860.00 29.00



  Date       EMI (Rs.)  Princ    Intrst	    POS Balance Rate%
1 05-Sep-21  0.00       0.00      0.00      545,064.00  21.50

2 05-Oct-21  17,179.00  5,134.00  12,045.00 545,064.00  21.50

3 05-Nov-21  14,900.00  5,226.00  9,674.00  539,930.00  21.50

4 05-Dec-21  14,900.00  5,320.00  9,580.00  534,703.00  21.50

5 05-Jan-22  14,900.00  5,415.00  9,485.00  529,384.00  21.50

6 05-Feb-22  14,900.00  5,512.00  9,388.00  523,968.00  21.50

7 05-Mar-22  14,900.00  5,611.00  9,289.00  518,456.00  21.50

8 05-Apr-22  14,900.00  5,712.00  9,188.00  512,845.00  21.50

9 05-May-22  14,900.00  5,814.00  9,086.00  507,134.00  21.50


  Date       EMI (Rs.)  Princ    Intrst	    POS Balance Rate%
1 05-Nov-23  24,000.00  7,763    16,237     6,35,120.00 19.50
	
2 05-Dec-23  16,651.00  5,000 	 11,651	    6,22,357.00 19.50   

Total Overall = 423,638
		 